 TEST :    Entries InsertSort MergeSort QuickSort 
=====================================================
  1.         25       1.102      0.091      0.131 
-----------------------------------------------------
  2.         97       0.188      0.096      0.228 
-----------------------------------------------------
  3.         97       0.292      0.100      0.311 
-----------------------------------------------------
  4.        537       4.667      0.153      1.498 
-----------------------------------------------------
  5.        598       3.085      0.124      1.152 
-----------------------------------------------------
  6.       1071       9.833      0.755      3.445 
-----------------------------------------------------
  7.       1231       7.015      0.339      5.549 
-----------------------------------------------------
  8.       1245      26.820      2.002      5.078 
-----------------------------------------------------
  9.       1474      27.275      2.260     13.747 
-----------------------------------------------------
 10.       1597      10.886      2.265     15.242 
-----------------------------------------------------
 11.       1779      10.791      3.049     10.925 
-----------------------------------------------------
 12.       1811      15.370      2.225      1.020 
-----------------------------------------------------
 13.       1916      13.560      2.960      3.284 
-----------------------------------------------------
 14.       1932      14.274      3.158      3.756 
-----------------------------------------------------
 15.       2019      11.033      1.364      3.775 
-----------------------------------------------------
 16.       2078      10.624      1.751      3.091 
-----------------------------------------------------
 17.       2107      13.717      0.551      4.653 
-----------------------------------------------------
 18.       2317      12.002      0.677      2.240 
-----------------------------------------------------
 19.       2408       8.232      0.615      3.789 
-----------------------------------------------------
 20.       2417       9.022      0.669      4.537 
-----------------------------------------------------
 21.       2425       9.154      0.343      1.963 
-----------------------------------------------------
 22.       2532       8.491      0.377      3.338 
-----------------------------------------------------
 23.       2647       9.525      0.348      3.375 
-----------------------------------------------------
 24.       2854      12.394      0.392      3.448 
-----------------------------------------------------
 25.       2886      11.616      0.379      4.187 
-----------------------------------------------------
 26.       2897      13.299      0.455      3.432 
-----------------------------------------------------
 27.       2911      13.161      0.405      3.622 
-----------------------------------------------------
 28.       2945      10.603      0.469      5.971 
-----------------------------------------------------
 29.       3014      14.768      1.273      5.675 
-----------------------------------------------------
 30.       3027      14.961      0.495      3.092 
-----------------------------------------------------
 31.       3088      13.130      0.442      4.936 
-----------------------------------------------------
 32.       3118      15.173      0.694     29.014 
-----------------------------------------------------
 33.       3149      53.008      0.693      5.962 
-----------------------------------------------------
 34.       3212      22.698      0.466      7.647 
-----------------------------------------------------
 35.       3441      27.007      0.501      6.906 
-----------------------------------------------------
 36.       3490      23.461      0.651      4.703 
-----------------------------------------------------
 37.       3504      23.642      0.537      3.772 
-----------------------------------------------------
 38.       3537      25.265      0.590      3.500 
-----------------------------------------------------
 39.       3793      22.204      0.534      5.958 
-----------------------------------------------------
 40.       3983      20.429      0.525      8.412 
-----------------------------------------------------
 41.       4019      26.411      0.580      5.913 
-----------------------------------------------------
 42.       4185      28.831      0.640      6.355 
-----------------------------------------------------
 43.       4220      31.734      0.702      4.145 
-----------------------------------------------------
 44.       4222      32.378      0.808      8.813 
-----------------------------------------------------
 45.       4332      32.498      0.794      5.589 
-----------------------------------------------------
 46.       4537      33.423      0.745     10.322 
-----------------------------------------------------
 47.       4549      31.223      0.664      9.465 
-----------------------------------------------------
 48.       4581      28.803      0.632     10.791 
-----------------------------------------------------
 49.       4582      39.992      0.731      5.298 
-----------------------------------------------------
 50.       4589      38.830      0.744      7.913 
-----------------------------------------------------
 51.       4604      33.254      0.730      8.002 
-----------------------------------------------------
 52.       4683      33.643      0.730      9.971 
-----------------------------------------------------
 53.       4756      39.875      0.724      7.919 
-----------------------------------------------------
 54.       4851      33.180      0.756     12.439 
-----------------------------------------------------
 55.       4881      38.201      0.883     12.653 
-----------------------------------------------------
 56.       4903      34.616      0.713     12.320 
-----------------------------------------------------
 57.       4934      57.104      0.769      8.406 
-----------------------------------------------------
 58.       4985      39.530      0.768      9.639 
-----------------------------------------------------
 59.       5010      40.594      0.750      9.123 
-----------------------------------------------------
 60.       5053      41.999      0.822      8.912 
-----------------------------------------------------
 61.       5057      40.824      0.963     11.039 
-----------------------------------------------------
 62.       5088      42.967      0.767      8.935 
-----------------------------------------------------
 63.       5114      42.406      0.889      9.264 
-----------------------------------------------------
 64.       5141      42.822      0.947      9.034 
-----------------------------------------------------
 65.       5142      74.488      1.128      7.000 
-----------------------------------------------------
 66.       5158      41.275      0.750     13.905 
-----------------------------------------------------
 67.       5165      43.506      0.779     10.017 
-----------------------------------------------------
 68.       5172      44.817      0.799      9.691 
-----------------------------------------------------
 69.       5177      46.513      0.861     10.030 
-----------------------------------------------------
 70.       5193      45.323      0.971     10.229 
-----------------------------------------------------
 71.       5253      44.898      0.823     10.262 
-----------------------------------------------------
 72.       5270      43.649      0.802      9.714 
-----------------------------------------------------
 73.       5275      44.225      0.883     12.406 
-----------------------------------------------------
 74.       5279      54.142      1.008     17.275 
-----------------------------------------------------
 75.       5280      47.764      0.808     10.744 
-----------------------------------------------------
 76.       5291      44.183      0.823     12.506 
-----------------------------------------------------
 77.       5309      44.955      0.854     10.285 
-----------------------------------------------------
 78.       5321      48.393      0.815     10.849 
-----------------------------------------------------
 79.       5322      46.574      0.830      9.864 
-----------------------------------------------------
 80.       5332      45.983      0.786     11.010 
-----------------------------------------------------
 81.       5351      48.210      0.845     10.763 
-----------------------------------------------------
 82.       5351      48.794      0.781     11.851 
-----------------------------------------------------
 83.       5354      46.799      0.798     22.812 
-----------------------------------------------------
 84.       5359      52.498      0.797     10.895 
-----------------------------------------------------
 85.       5409      45.767      0.941     10.650 
-----------------------------------------------------
 86.       5410      49.366      0.851     10.389 
-----------------------------------------------------
 87.       5412      48.043      0.889     10.183 
-----------------------------------------------------
 88.       5424      47.969      0.812     10.793 
-----------------------------------------------------
 89.       5459      46.482      0.854     10.827 
-----------------------------------------------------
 90.       5478      50.133      0.856     12.294 
-----------------------------------------------------
 91.       5487      60.358      0.806     12.015 
-----------------------------------------------------
 92.       5504      52.215      0.870     10.430 
-----------------------------------------------------
 93.       5541      50.306      0.828     12.025 
-----------------------------------------------------
 94.       5584      56.186      0.882     11.384 
-----------------------------------------------------
 95.       5587      50.841      0.889     11.779 
-----------------------------------------------------
 96.       5602      49.440      0.893     11.205 
-----------------------------------------------------
 97.       5609      49.841      0.908     11.251 
-----------------------------------------------------
 98.       5637      55.258      0.911     12.524 
-----------------------------------------------------
 99.       5639      54.742      0.925     11.905 
-----------------------------------------------------
100.       5639      50.866      0.862     11.871 
-----------------------------------------------------
101.       5646      55.036      1.423     13.273 
-----------------------------------------------------
102.       5647      50.855      0.896     11.829 
-----------------------------------------------------
103.       5648      49.459      0.877     12.337 
-----------------------------------------------------
104.       5663      50.673      0.969     12.451 
-----------------------------------------------------
105.       5688      52.431      0.853     13.688 
-----------------------------------------------------
106.       5701      54.241      0.899     14.049 
-----------------------------------------------------
107.       5718      51.575      0.867     13.132 
-----------------------------------------------------
108.       5718      54.374      0.880     13.046 
-----------------------------------------------------
109.       5722      55.476      0.910     11.939 
-----------------------------------------------------
110.       5726      49.449      1.034     13.794 
-----------------------------------------------------
111.       5732      52.627      0.918     12.384 
-----------------------------------------------------
112.       5753      53.392      0.902     11.533 
-----------------------------------------------------
113.       5762      53.941      0.916     12.110 
-----------------------------------------------------
114.       5763      56.047      0.920     13.785 
-----------------------------------------------------
115.       5764      56.283      0.948     12.690 
-----------------------------------------------------
116.       5787      54.395      0.983     15.263 
-----------------------------------------------------
117.       5792      53.998      0.902     12.672 
-----------------------------------------------------
118.       5840      53.684      0.904     12.686 
-----------------------------------------------------
119.       5917      55.419      1.014     12.876 
-----------------------------------------------------
120.       5936      57.443      1.565     26.835 
-----------------------------------------------------
121.       5948      62.720      1.175     14.059 
-----------------------------------------------------
122.       5959      54.918      1.050     14.672 
-----------------------------------------------------
123.       5959      65.174      1.109     14.234 
-----------------------------------------------------
124.       5961      56.384      0.907     13.102 
-----------------------------------------------------
125.       5963      56.742      1.023     12.584 
-----------------------------------------------------
126.       6001      57.203      0.882     14.430 
-----------------------------------------------------
127.       6017      66.952      0.916     16.047 
-----------------------------------------------------
128.       6032      57.743      0.943     14.230 
-----------------------------------------------------
129.       6033      55.205      0.889     16.290 
-----------------------------------------------------
130.       6059      63.796      0.993     13.126 
-----------------------------------------------------
131.       6076      62.254      1.003     13.474 
-----------------------------------------------------
132.       6152      71.741      1.115     11.233 
-----------------------------------------------------
133.       6202      67.026      0.952     14.711 
-----------------------------------------------------
134.       6644      72.634      1.032     17.355 
-----------------------------------------------------
135.       6651      72.633      1.021     19.923 
-----------------------------------------------------
136.       6679      69.871      1.229     18.643 
-----------------------------------------------------
137.       6735      67.928      1.091     19.355 
-----------------------------------------------------
138.       6743      74.320      1.057     17.440 
-----------------------------------------------------
139.       6764      72.617      1.079     19.758 
-----------------------------------------------------
140.       6830      69.478      0.997     19.970 
-----------------------------------------------------
141.       6936      76.240      1.091     19.594 
-----------------------------------------------------
142.       7020      77.001      1.069     21.339 
-----------------------------------------------------
143.       7082      79.263      1.048     21.044 
-----------------------------------------------------
144.       7133     100.729      1.182     15.831 
-----------------------------------------------------
145.       7200      95.029      1.200     12.435 
-----------------------------------------------------
146.       7537     102.440      1.158     18.200 
-----------------------------------------------------
147.       7656     100.243      1.257     19.744 
-----------------------------------------------------
148.       7663      93.568      2.023     25.499 
-----------------------------------------------------
149.       7776     101.000      1.207     22.775 
-----------------------------------------------------
150.       8193     142.113      1.393     17.800 
-----------------------------------------------------
151.       8246     134.937      1.408     27.074 
-----------------------------------------------------
152.       8795     160.266      1.728     18.693 
-----------------------------------------------------
153.       8917     152.416      1.759     20.859 
-----------------------------------------------------
154.       8943     136.745      1.411     32.305 
-----------------------------------------------------
155.       9571     170.265      1.609     27.347 
-----------------------------------------------------
156.      10328     199.531      1.891     25.932 
-----------------------------------------------------
157.      10801     212.530      1.860     42.404 
-----------------------------------------------------
158.      10866     200.687      1.846     37.033 
-----------------------------------------------------
159.      11011     227.963      1.992     39.406 
-----------------------------------------------------
160.      11590     233.803      2.021     47.859 
-----------------------------------------------------
161.      12889     302.495      2.282     56.965 
-----------------------------------------------------
162.      13492     330.746      2.385     70.176 
-----------------------------------------------------
163.      13546     339.295      2.408     57.280 
-----------------------------------------------------
164.      15448     370.214      2.694    112.915 
-----------------------------------------------------
165.      16482     585.129      3.518     47.281 
-----------------------------------------------------
166.      17537     587.641      3.431    101.275 
-----------------------------------------------------
167.      17726     621.452      3.253     96.406 
-----------------------------------------------------
168.      17769     625.840      3.264     92.867 
-----------------------------------------------------
169.      18007     645.462      3.396     94.123 
-----------------------------------------------------
170.      23781    1159.030      5.252    136.652 
-----------------------------------------------------
